2 0.325710 0.119133 0.011322 0.026727
2 0.329295 0.140514 0.013964 0.029399
2 0.309103 0.043295 0.013587 0.026059
2 0.335145 0.022916 0.012832 0.025390
2 0.375151 0.354997 0.012832 0.030736
2 0.270418 0.297200 0.014719 0.020713
2 0.404967 0.376044 0.012077 0.030068
2 0.398362 0.440856 0.010945 0.024722
2 0.512341 0.246085 0.012455 0.029399
2 0.525928 0.245417 0.010945 0.022718
2 0.544799 0.240405 0.011700 0.030068
2 0.529703 0.281498 0.014719 0.020045
2 0.534043 0.951338 0.012077 0.018041
2 0.299102 0.702779 0.016984 0.022050
2 0.313821 0.693091 0.017739 0.024054
2 0.207579 0.584513 0.012832 0.028731
2 0.520079 0.302211 0.011322 0.024054
2 0.543478 0.130157 0.017361 0.027395
2 0.451389 0.173254 0.012832 0.018709
2 0.552914 0.271475 0.016606 0.018709
2 0.546120 0.295529 0.016606 0.014700
2 0.561028 0.298202 0.011700 0.026727
2 0.601034 0.317913 0.013964 0.034077
2 0.589523 0.255439 0.015097 0.030736
2 0.634813 0.320586 0.014342 0.030068
2 0.578767 0.340631 0.010190 0.024722
2 0.619716 0.395421 0.014342 0.023386
2 0.613111 0.367024 0.014719 0.028063
2 0.627264 0.436513 0.015851 0.029399
2 0.586692 0.320920 0.013964 0.024054
2 0.569520 0.343304 0.013587 0.023386
2 0.700861 0.735519 0.012832 0.028731
2 0.742754 0.653334 0.012077 0.034077
2 0.733130 0.690418 0.010190 0.028063
2 0.724072 0.660016 0.010190 0.027395
2 0.628774 0.900223 0.017361 0.022718
2 0.719354 0.864810 0.014342 0.029399
2 0.740678 0.930959 0.014719 0.030736
2 0.724072 0.848440 0.013210 0.026059
2 0.788987 0.650996 0.012455 0.030736
2 0.878812 0.417805 0.013210 0.028063
2 0.885228 0.440856 0.013210 0.030068
2 0.808235 0.564134 0.007171 0.017372
2 0.830125 0.552775 0.008681 0.017372
2 0.824464 0.553109 0.009435 0.020713
2 0.819935 0.555782 0.010190 0.020713
2 0.815784 0.556784 0.010190 0.021381
2 0.815784 0.635294 0.011700 0.022050
2 0.837862 0.682400 0.010568 0.026727
2 0.833711 0.732847 0.010568 0.020713
2 0.823898 0.736856 0.010568 0.022050
2 0.845222 0.728504 0.010945 0.020045
2 0.851261 0.567809 0.012455 0.020713
2 0.863338 0.558788 0.010945 0.024054
2 0.894286 0.500658 0.010190 0.026727
2 0.904665 0.541750 0.012832 0.027395
2 0.655382 0.898553 0.013964 0.018041
2 0.853336 0.773605 0.014342 0.026059
2 0.980525 0.697100 0.011322 0.026727
2 0.995169 0.685407 0.009662 0.028731
2 0.804461 0.600549 0.007171 0.028731
2 0.815595 0.591863 0.010568 0.026059
2 0.831069 0.582174 0.012832 0.024054
2 0.842580 0.572152 0.013964 0.024054
2 0.940708 0.282500 0.018493 0.024722
2 0.989961 0.252767 0.013587 0.022718
2 0.580842 0.171584 0.013587 0.027395
2 0.581409 0.207665 0.012455 0.028731
2 0.693878 0.738526 0.010945 0.028063
2 0.758605 0.577831 0.013587 0.019377
2 0.794648 0.569145 0.010945 0.023386
2 0.839372 0.541416 0.009058 0.020045
2 0.852582 0.534400 0.009813 0.023386
2 0.857299 0.532730 0.010945 0.028063
2 0.751245 0.683736 0.012455 0.025390
2 0.725015 0.697434 0.008303 0.032740
2 0.013021 0.732178 0.011700 0.026059
2 0.030759 0.857460 0.015474 0.021381
2 0.047177 0.924945 0.012077 0.026727
2 0.082277 0.699104 0.010568 0.022718
2 0.085862 0.724160 0.013964 0.036749
2 0.095675 0.761578 0.013964 0.030068
1 0.222977 0.438478 0.008756 0.016036