2 0.088129 0.024943 0.027941 0.033042
0 0.805215 0.112731 0.052826 0.050534
2 0.867646 0.613865 0.025758 0.045999
2 0.665509 0.586006 0.026631 0.031746
2 0.690175 0.573048 0.021829 0.029155
2 0.680571 0.622287 0.023575 0.035633
2 0.733179 0.637836 0.019646 0.043408
2 0.582776 0.688371 0.029688 0.039521
2 0.551997 0.709103 0.023139 0.035633
2 0.528204 0.681892 0.027068 0.039521
2 0.579065 0.612569 0.015280 0.034338
2 0.917853 0.456430 0.025758 0.039521
2 0.854767 0.500162 0.033180 0.034985
2 0.881835 0.487528 0.027068 0.035633
2 0.213865 0.699061 0.022702 0.040168
2 0.198803 0.762877 0.017027 0.043408
2 0.221723 0.739553 0.013097 0.036929
2 0.231765 0.781665 0.018336 0.031746
2 0.382167 0.781665 0.027505 0.036929
2 0.409017 0.763848 0.022702 0.033690
2 0.299217 0.839326 0.027505 0.025267
2 0.378893 0.826693 0.025322 0.032394
2 0.438486 0.787820 0.024885 0.033690
2 0.475596 0.764172 0.026631 0.030450
2 0.427790 0.707483 0.020956 0.032394
2 0.474504 0.673793 0.034927 0.033690
2 0.173481 0.480726 0.016154 0.032394
0 0.291421 0.678671 0.044762 0.043217
2 0.878187 0.653461 0.035055 0.048820