2 0.452132 0.959011 0.012285 0.021060
2 0.436776 0.946921 0.013601 0.019500
2 0.389830 0.911821 0.012285 0.021060
2 0.419774 0.905776 0.013382 0.023010
2 0.406283 0.894856 0.011846 0.019110
2 0.393340 0.884326 0.012724 0.017550
2 0.468366 0.864826 0.009653 0.027690
2 0.452571 0.888811 0.010091 0.013260
2 0.443796 0.886471 0.007898 0.015600
2 0.434802 0.884716 0.009653 0.018330
2 0.428440 0.877111 0.010530 0.016380
2 0.420323 0.871456 0.010530 0.016770
2 0.414290 0.865411 0.009872 0.017940
2 0.406173 0.861316 0.009433 0.017550
2 0.381274 0.828946 0.014918 0.022230
2 0.438312 0.837331 0.009214 0.022620
2 0.430743 0.837331 0.006801 0.024180
2 0.424601 0.834796 0.004607 0.024570
2 0.418458 0.834016 0.006362 0.023010
2 0.412206 0.829141 0.005704 0.025740
2 0.406502 0.825631 0.006581 0.020280
2 0.707933 0.943911 0.014822 0.024468
2 0.716403 0.879603 0.012705 0.026350
2 0.719403 0.848548 0.010234 0.018194
2 0.723108 0.833804 0.021174 0.017567
2 0.724167 0.819374 0.014822 0.016312
2 0.724520 0.804630 0.009881 0.010666
2 0.726814 0.790514 0.015175 0.023841
2 0.706698 0.743146 0.015175 0.016940
2 0.207813 0.824361 0.008949 0.025160
2 0.200529 0.807896 0.007701 0.018870
2 0.193765 0.786251 0.006244 0.023680
2 0.204483 0.757946 0.016026 0.015910
2 0.263174 0.732231 0.012279 0.022940
2 0.112034 0.963773 0.013884 0.015189
2 0.188290 0.904154 0.009185 0.022025
2 0.024089 0.440348 0.015186 0.022343
2 0.299801 0.232509 0.018852 0.025602
2 0.707038 0.773294 0.016234 0.019068
2 0.911845 0.725108 0.017683 0.016491
2 0.933152 0.683622 0.009856 0.029375
2 0.982433 0.648320 0.013335 0.025768
2 0.987071 0.414348 0.011596 0.031952
2 0.935036 0.380592 0.014784 0.023191
2 0.966054 0.359462 0.014205 0.030406
2 0.124103 0.291258 0.014098 0.026582