2 0.046288 0.142350 0.011408 0.035880
2 0.078098 0.061425 0.017550 0.022230
2 0.079085 0.041925 0.016453 0.015990
2 0.058573 0.049920 0.016234 0.021840
2 0.035539 0.164580 0.008775 0.025740
2 0.024570 0.157755 0.008775 0.028470
2 0.011956 0.148395 0.007239 0.023790
2 0.072613 0.380445 0.010969 0.026910
2 0.055941 0.509146 0.015795 0.016770
2 0.098499 0.490035 0.016673 0.015990
2 0.117804 0.489450 0.017550 0.016380
2 0.194037 0.480870 0.012943 0.016380
2 0.179888 0.481260 0.016234 0.015600
2 0.151808 0.485550 0.016234 0.010920
2 0.092597 0.848523 0.015166 0.022404
2 0.094626 0.835042 0.013671 0.015189
2 0.098577 0.795739 0.015593 0.023923
2 0.157852 0.818524 0.011107 0.025442
2 0.186048 0.781879 0.011535 0.020506
2 0.206660 0.796689 0.014311 0.020506
2 0.223321 0.807891 0.010894 0.020126
2 0.259954 0.856687 0.016661 0.025822
2 0.288149 0.806372 0.009398 0.023164
2 0.294878 0.835991 0.008758 0.028480
2 0.318694 0.827637 0.009826 0.032278
2 0.312927 0.843776 0.013671 0.023544
2 0.324035 0.899597 0.013671 0.023544
2 0.342832 0.928268 0.014525 0.019367
2 0.352550 0.917635 0.013457 0.017848
2 0.426991 0.940419 0.005126 0.027721
2 0.433185 0.945166 0.005126 0.026582
2 0.438525 0.949913 0.005554 0.022404
2 0.447924 0.978963 0.013243 0.015949
2 0.409582 0.960355 0.012175 0.019746
2 0.481780 0.971558 0.013030 0.022404
2 0.458604 0.928647 0.009826 0.024683
2 0.470886 0.909850 0.008758 0.022784
2 0.463730 0.907192 0.008117 0.023544
2 0.468643 0.887066 0.006835 0.020506
2 0.476760 0.887826 0.011107 0.022025
2 0.517665 0.817954 0.009185 0.029620
2 0.537103 0.805802 0.016875 0.026582
2 0.379571 0.684286 0.014952 0.022025
2 0.334074 0.718843 0.013671 0.025063
2 0.327345 0.693780 0.013884 0.022025
2 0.351775 0.435926 0.010212 0.027464
2 0.326770 0.405670 0.010997 0.025602
2 0.321664 0.381930 0.013877 0.021878
2 0.328079 0.320486 0.007855 0.020016
2 0.572820 0.982014 0.015654 0.028345
2 0.561369 0.942589 0.009566 0.025768
2 0.563399 0.914244 0.010146 0.021645
2 0.557021 0.874562 0.012465 0.025768
2 0.575139 0.907287 0.016234 0.021130
2 0.583546 0.876623 0.016234 0.019584
2 0.577313 0.859101 0.016524 0.017522
2 0.574704 0.834879 0.015944 0.017522
2 0.570501 0.800866 0.013335 0.020614
2 0.547745 0.771233 0.008407 0.029375
2 0.542527 0.713255 0.008987 0.025768
2 0.598330 0.960627 0.011596 0.023706
2 0.605577 0.970676 0.012755 0.023191
2 0.603403 0.934086 0.007827 0.025253
2 0.614129 0.942589 0.012465 0.024737
2 0.618043 0.914502 0.009276 0.023191
2 0.610506 0.908318 0.009856 0.025253
2 0.617608 0.879200 0.009566 0.029891
2 0.642828 0.718151 0.013625 0.022160
2 0.655438 0.672799 0.012755 0.019068
2 0.668483 0.642651 0.011016 0.022676
2 0.543541 0.557102 0.013335 0.025768
2 0.601898 0.467033 0.015609 0.027195
2 0.605488 0.453990 0.017170 0.022200
2 0.611732 0.438450 0.010927 0.026640
2 0.801074 0.229770 0.009990 0.024420
2 0.795455 0.221168 0.013736 0.022755
2 0.794050 0.205073 0.009678 0.028305
2 0.785933 0.200078 0.013424 0.017205
2 0.782811 0.185648 0.013424 0.023865
2 0.794986 0.149295 0.011551 0.028860
2 0.802323 0.142358 0.009366 0.023865
2 0.831200 0.105173 0.012175 0.022755
2 0.842127 0.091020 0.012175 0.019980
2 0.759709 0.466200 0.010927 0.021090
2 0.771884 0.442890 0.010302 0.019980
2 0.778284 0.434565 0.013112 0.018870
2 0.797015 0.392108 0.009366 0.023865
2 0.804352 0.388223 0.013424 0.021645
2 0.824020 0.361583 0.010302 0.021645
2 0.851180 0.336608 0.010927 0.019425
2 0.857736 0.325508 0.013424 0.018315
2 0.733902 0.227273 0.010372 0.018438
2 0.744724 0.212041 0.014430 0.022447
2 0.944576 0.092130 0.009782 0.018500
2 0.939061 0.097495 0.010406 0.019610
2 0.934586 0.103045 0.013944 0.018130
2 0.927926 0.108410 0.011863 0.017760
2 0.923347 0.114885 0.013528 0.014430
2 0.919913 0.120250 0.013736 0.016280
2 0.914294 0.125800 0.013736 0.017760
2 0.909715 0.133015 0.013736 0.014430
2 0.902743 0.138010 0.016026 0.014060
2 0.898893 0.144300 0.015818 0.016280
2 0.881931 0.137270 0.013528 0.024420
2 0.886926 0.125985 0.009366 0.019610
2 0.879121 0.106930 0.010406 0.021460
2 0.874438 0.086395 0.008117 0.016650
2 0.878392 0.080660 0.010198 0.019980
2 0.884116 0.076035 0.009158 0.021090
2 0.891712 0.073075 0.009782 0.020350
2 0.887862 0.099715 0.008325 0.018130
2 0.892233 0.124135 0.005411 0.018870
2 0.896395 0.120435 0.003746 0.021090
2 0.901807 0.112110 0.008325 0.024420
2 0.896812 0.091205 0.007076 0.018130
2 0.903472 0.084915 0.005828 0.021090
2 0.908258 0.079550 0.006660 0.022200
2 0.902743 0.060495 0.005619 0.024050
2 0.908675 0.055500 0.007909 0.021460
2 0.910027 0.103970 0.008117 0.026640
2 0.916167 0.095645 0.008325 0.024050
2 0.922411 0.091390 0.006244 0.018500
2 0.927198 0.083990 0.008325 0.019980
2 0.914294 0.047545 0.009990 0.016650
2 0.919393 0.042735 0.011447 0.013690
2 0.917312 0.070300 0.007701 0.019980
2 0.928863 0.058460 0.014153 0.015540
2 0.930320 0.258260 0.008741 0.021460
2 0.973818 0.386280 0.012488 0.020720
2 0.874646 0.508751 0.013528 0.014800
2 0.934274 0.479890 0.012071 0.028120
2 0.948323 0.460835 0.008533 0.024050
2 0.873918 0.553706 0.014153 0.018870
2 0.864136 0.617901 0.015401 0.016280
2 0.853448 0.963583 0.010467 0.020886
2 0.852166 0.943457 0.009185 0.019367
2 0.867759 0.911749 0.007476 0.024303
2 0.865516 0.865991 0.006408 0.025442
2 0.846612 0.826688 0.006194 0.020506
2 0.851632 0.807891 0.012389 0.023164
2 0.844049 0.772196 0.009612 0.023923
2 0.702110 0.973266 0.012389 0.020506
2 0.683634 0.942318 0.008758 0.021645
2 0.720480 0.958836 0.011962 0.017468
2 0.723257 0.946685 0.009826 0.018227
2 0.725500 0.936052 0.010894 0.018987
2 0.735219 0.933204 0.006408 0.024683
2 0.740238 0.941558 0.010039 0.020126
2 0.747928 0.734602 0.013884 0.028480
2 0.748889 0.797638 0.011107 0.023164
2 0.841486 0.725298 0.007903 0.025063
2 0.838389 0.699096 0.008544 0.022025
2 0.837961 0.673084 0.008971 0.024683
2 0.835825 0.645743 0.008971 0.023923
2 0.856438 0.721121 0.010467 0.025063
2 0.886235 0.758525 0.011107 0.014810
2 0.899799 0.759854 0.015166 0.014430
2 0.913043 0.760614 0.010467 0.012152
2 0.925325 0.759095 0.014952 0.015949
2 0.733724 0.577770 0.015379 0.028480
2 0.680537 0.624098 0.013671 0.019367
2 0.683954 0.610807 0.010253 0.018607
2 0.982305 0.763059 0.018506 0.028860