2 0.580609 0.065986 0.037271 0.066667
2 0.638249 0.087755 0.029470 0.050340
2 0.698056 0.032653 0.024269 0.048980
2 0.774332 0.125170 0.020802 0.054422
2 0.840206 0.100680 0.029470 0.057143
2 0.887444 0.173469 0.039004 0.050340
2 0.916915 0.219048 0.033804 0.057143
2 0.874443 0.223810 0.039004 0.066667
2 0.593611 0.149660 0.033804 0.062585
2 0.606612 0.217007 0.030337 0.063946
2 0.715391 0.638095 0.031204 0.068027
2 0.763064 0.902041 0.029470 0.057143
0 0.152427 0.317687 0.058073 0.104762
2 0.200099 0.869388 0.033804 0.043537
0 0.562407 0.910204 0.089277 0.092517
0 0.441927 0.883673 0.087543 0.104762
0 0.964587 0.885034 0.051139 0.096599
2 0.283742 0.031293 0.027737 0.057143
2 0.049715 0.544218 0.038138 0.040816
2 0.966320 0.362585 0.028603 0.055782