0 0.453542 0.135374 0.135656 0.131973
0 0.858653 0.061224 0.124506 0.108844
0 0.637515 0.783673 0.105923 0.106122
0 0.304878 0.891156 0.102207 0.087075
2 0.963940 0.223842 0.072120 0.038225
2 0.861070 0.204082 0.091145 0.034985
2 0.765057 0.258827 0.111498 0.038225
2 0.879210 0.388727 0.065483 0.063492
2 0.191638 0.318432 0.081411 0.040816
2 0.020602 0.352770 0.041203 0.058957
2 0.104917 0.275996 0.074332 0.040168
2 0.250041 0.530288 0.051325 0.053774
2 0.078812 0.867185 0.096455 0.039521
0 0.491621 0.574344 0.116808 0.040816