2 0.918095 0.881220 0.022295 0.026429
2 0.944312 0.892358 0.027662 0.029072
2 0.858641 0.969569 0.027249 0.039266
2 0.882588 0.936344 0.024772 0.034735
2 0.981922 0.924073 0.024282 0.034358
2 0.902197 0.945812 0.029769 0.031637
2 0.876652 0.982967 0.030171 0.032373
2 0.922714 0.965677 0.032183 0.031637
2 0.956103 0.986701 0.032987 0.026598
2 0.941219 0.976713 0.036205 0.033109
2 0.894956 0.990748 0.025746 0.018504
2 0.914064 0.993507 0.016494 0.012986
2 0.211672 0.607817 0.047915 0.032960
2 0.227785 0.616736 0.046219 0.034511
2 0.233298 0.669084 0.031802 0.028307
2 0.194499 0.679359 0.040707 0.020939