0 0.101430 0.720619 0.016971 0.020122
0 0.132378 0.751431 0.016971 0.018864
0 0.269897 0.897944 0.021464 0.030183
0 0.350761 0.388292 0.021464 0.022008
0 0.357749 0.352764 0.024459 0.022637
0 0.189754 0.028720 0.064200 0.057440
2 0.024331 0.807141 0.013497 0.015164
2 0.034909 0.763717 0.015685 0.010109
2 0.037280 0.755216 0.015320 0.007812
2 0.040903 0.749931 0.015077 0.007352
2 0.048563 0.740741 0.012889 0.010416
2 0.042484 0.824985 0.011916 0.017155
2 0.064005 0.848268 0.010214 0.014092
2 0.071544 0.856539 0.011673 0.009803
2 0.076164 0.862666 0.007295 0.009803
2 0.081879 0.868333 0.009484 0.011335
2 0.072395 0.879515 0.011429 0.014092
2 0.165290 0.978770 0.011429 0.014705
2 0.193499 0.986429 0.011429 0.014092
2 0.207360 0.821003 0.009484 0.012254
2 0.207482 0.806145 0.010214 0.011947
2 0.246787 0.772782 0.012358 0.014844
2 0.224514 0.807176 0.009771 0.014844
2 0.321941 0.739112 0.012071 0.012672
2 0.381431 0.785453 0.010921 0.010499
2 0.395226 0.787987 0.010346 0.010499
2 0.414769 0.808262 0.009771 0.014120
2 0.426840 0.822019 0.009197 0.013396
2 0.435749 0.831071 0.009771 0.014844
2 0.447389 0.843380 0.010059 0.014844
2 0.458884 0.854422 0.011783 0.018102
2 0.512052 0.911263 0.015807 0.021723
2 0.533463 0.932805 0.014370 0.015568
2 0.545821 0.955251 0.014945 0.014844
2 0.545103 0.944209 0.010059 0.015930
2 0.563065 0.974078 0.015519 0.011223
2 0.574705 0.985844 0.011783 0.013758
2 0.516795 0.798668 0.009197 0.018102
2 0.516651 0.838130 0.010634 0.015930
2 0.535044 0.777669 0.014657 0.017378
2 0.799150 0.963262 0.013041 0.019415
2 0.810412 0.944220 0.014226 0.018668
2 0.633715 0.664789 0.014452 0.017637
2 0.631457 0.516015 0.009936 0.015930
2 0.780158 0.680406 0.015174 0.021505
2 0.584169 0.595380 0.010214 0.007046
2 0.585993 0.589713 0.008998 0.009803
2 0.601799 0.552186 0.008025 0.011335
2 0.598152 0.560151 0.011429 0.008884
2 0.596693 0.568575 0.014348 0.007965
2 0.593653 0.576081 0.010214 0.006433
2 0.591829 0.582514 0.010943 0.008271
2 0.226161 0.609532 0.015920 0.023468
2 0.215491 0.610599 0.011516 0.011094
2 0.214983 0.599718 0.011178 0.013228
2 0.175862 0.588198 0.008807 0.018348
2 0.044101 0.575824 0.013549 0.023468
2 0.066456 0.543395 0.009484 0.016641
2 0.074416 0.530381 0.009145 0.015361
2 0.114893 0.516726 0.010839 0.013654
2 0.163160 0.545528 0.012532 0.012374
2 0.133014 0.525687 0.009145 0.011947
2 0.139958 0.521633 0.010839 0.010667
2 0.083223 0.490698 0.013210 0.011947
2 0.071199 0.481097 0.011516 0.012374
2 0.073976 0.459976 0.011186 0.013785
2 0.060358 0.393193 0.012645 0.013173
2 0.136230 0.374659 0.011673 0.015317
2 0.077259 0.301596 0.007052 0.017462
2 0.086621 0.297154 0.007782 0.016543
2 0.091606 0.293325 0.004620 0.012560
2 0.101212 0.286432 0.004864 0.017155
2 0.096348 0.288883 0.007295 0.012254
2 0.202983 0.289342 0.010457 0.014398
2 0.191675 0.294703 0.010214 0.013479
2 0.244689 0.261159 0.012645 0.015624
2 0.645815 0.516803 0.009970 0.014705
2 0.652746 0.502558 0.009241 0.011947
2 0.846961 0.496261 0.014753 0.014602
2 0.799892 0.448692 0.014753 0.015045
2 0.692055 0.397363 0.013348 0.018585
2 0.733152 0.285190 0.011943 0.014602
2 0.713306 0.278995 0.010187 0.010177
2 0.735260 0.257312 0.010538 0.013717
2 0.742109 0.243595 0.012294 0.014602
2 0.761253 0.196911 0.011943 0.015045
2 0.765995 0.185849 0.012294 0.011505
2 0.796379 0.143148 0.017563 0.017257
2 0.786895 0.133192 0.007728 0.019470
2 0.798662 0.102438 0.008079 0.019027
2 0.918091 0.142705 0.009484 0.013717
2 0.907553 0.133192 0.011592 0.014160
2 0.894381 0.117262 0.011943 0.018585
1 0.888058 0.067038 0.018266 0.015487
2 0.481876 0.164911 0.014082 0.014844
2 0.518231 0.143369 0.013220 0.018102
2 0.540361 0.131603 0.010346 0.012672
2 0.553150 0.123819 0.009484 0.014482
2 0.584332 0.103363 0.014370 0.019912
2 0.597121 0.096304 0.014082 0.015206
2 0.673425 0.044531 0.016669 0.019550