0 0.565404 0.227211 0.096549 0.122449
0 0.731511 0.306122 0.129771 0.198639
0 0.502595 0.363946 0.251236 0.278912
2 0.094843 0.645371 0.018958 0.040225
2 0.128696 0.642709 0.018958 0.032535
2 0.110866 0.581781 0.017604 0.032535
2 0.147879 0.572612 0.016701 0.039042
2 0.139303 0.578231 0.023923 0.040816
2 0.124408 0.577048 0.015798 0.038450
2 0.102967 0.734398 0.014444 0.030169
2 0.130727 0.732919 0.015798 0.037859
2 0.141560 0.769003 0.016701 0.035492
2 0.118766 0.772257 0.017152 0.039633
2 0.152844 0.734398 0.016701 0.037267
2 0.116734 0.729962 0.018506 0.040225
2 0.181958 0.730849 0.018055 0.028986
2 0.168417 0.671695 0.018958 0.038450
2 0.169320 0.576161 0.016250 0.033126
2 0.184215 0.572316 0.016250 0.036084
2 0.240637 0.571133 0.022569 0.033718
2 0.213329 0.662526 0.017604 0.035492
2 0.266366 0.705117 0.019861 0.042591
2 0.205430 0.723159 0.022569 0.032535
2 0.187600 0.766637 0.022117 0.033126
2 0.200690 0.760426 0.015798 0.028986
2 0.212878 0.814552 0.020312 0.041408
2 0.249439 0.813073 0.015798 0.034901
2 0.241314 0.846791 0.016701 0.037267
2 0.275393 0.804496 0.014444 0.036676
2 0.261626 0.805087 0.019409 0.042591
2 0.282390 0.837326 0.017604 0.033718
2 0.342197 0.842946 0.023472 0.037859
2 0.342874 0.883171 0.026631 0.023662
2 0.214232 0.902100 0.016701 0.036676
2 0.221905 0.726117 0.014895 0.034901
2 0.174736 0.637977 0.017152 0.032535
2 0.218971 0.572907 0.018958 0.032535
2 0.247182 0.754510 0.017604 0.033718
2 0.243120 0.720497 0.016701 0.035492
2 0.222808 0.755989 0.013993 0.037859
2 0.339714 0.785862 0.018506 0.036084
2 0.319402 0.781721 0.029339 0.021887
2 0.317371 0.825791 0.028888 0.022479
2 0.317597 0.847382 0.025728 0.025436
2 0.190986 0.664596 0.015347 0.037267
2 0.954715 0.932269 0.022569 0.036676
2 0.962388 0.975451 0.018958 0.031943
2 0.920410 0.879621 0.025277 0.024845
2 0.724964 0.874002 0.027083 0.018338
2 0.678247 0.878143 0.023923 0.018338
2 0.699462 0.876664 0.022117 0.022479
2 0.608961 0.890861 0.029791 0.018929
2 0.582329 0.889382 0.026180 0.018338
2 0.582329 0.926649 0.030694 0.023070
2 0.541931 0.929607 0.036562 0.024253
2 0.552764 0.892635 0.026631 0.023662
2 0.220666 0.632962 0.015572 0.029066
2 0.240014 0.655844 0.020291 0.040198
2 0.223498 0.662956 0.017460 0.039579