0 0.132409 0.048840 0.045062 0.050235
0 0.311814 0.088261 0.022531 0.022327
0 0.382769 0.056515 0.042708 0.038374
0 0.328124 0.129601 0.031610 0.035932
0 0.271124 0.188383 0.030601 0.032793
0 0.226735 0.169894 0.030601 0.022327
0 0.145355 0.277342 0.028584 0.026513
0 0.158302 0.314844 0.026902 0.031048
0 0.217319 0.252747 0.027239 0.029653
0 0.087179 0.346415 0.021858 0.025118
0 0.133922 0.297924 0.017823 0.025815
0 0.031861 0.453689 0.043716 0.056864
0 0.206865 0.059311 0.026230 0.018282
2 0.420728 0.160289 0.010506 0.017007
2 0.424300 0.534101 0.010088 0.015350
2 0.442123 0.495029 0.010088 0.019536
2 0.435565 0.470958 0.017150 0.013257
2 0.432539 0.581197 0.010425 0.020931
2 0.450866 0.581720 0.011434 0.015699
2 0.385459 0.673993 0.017150 0.011163
2 0.411857 0.732950 0.009416 0.015350
2 0.431193 0.655329 0.011770 0.018489
2 0.443131 0.655678 0.008071 0.015699
2 0.451875 0.656375 0.009416 0.013605
2 0.444140 0.620792 0.008071 0.014303