0 0.308371 0.556764 0.139912 0.088860
0 0.798974 0.793679 0.031078 0.044237
2 0.427653 0.259537 0.014933 0.025384
2 0.441407 0.304234 0.013361 0.019130
2 0.460270 0.289519 0.020435 0.010301
2 0.140584 0.510981 0.021614 0.010301
2 0.136458 0.456351 0.022793 0.012876
2 0.136065 0.444763 0.016505 0.011036
2 0.138422 0.427105 0.018863 0.010301
2 0.140780 0.418092 0.021221 0.010668
2 0.140584 0.409447 0.018470 0.010301
2 0.142549 0.398963 0.016898 0.010668
2 0.146871 0.389398 0.015326 0.009197
2 0.148836 0.382224 0.013754 0.012508
2 0.155320 0.373395 0.011789 0.013979
0 0.131545 0.888607 0.050694 0.034948
0 0.132724 0.972483 0.025543 0.033477
0 0.074171 0.108340 0.038119 0.022440
0 0.035463 0.188353 0.026722 0.027223
0 0.591965 0.398768 0.024341 0.021943
0 0.579569 0.461853 0.028398 0.020677
0 0.855889 0.187358 0.026595 0.033758
0 0.794810 0.256984 0.057698 0.026163
0 0.868510 0.533589 0.023891 0.035024
0 0.826138 0.824542 0.044626 0.017723