0 0.364460 0.041520 0.025424 0.030495
0 0.464003 0.085151 0.030508 0.035186
0 0.507027 0.122449 0.034420 0.036594
0 0.508592 0.181797 0.033637 0.037063
0 0.632190 0.303777 0.056323 0.059582
0 0.965434 0.246540 0.024250 0.026742
0 0.853179 0.389397 0.043807 0.061928
0 0.351748 0.622566 0.026597 0.035656
0 0.353312 0.572367 0.022686 0.030964
0 0.644119 0.622566 0.034811 0.045039
0 0.578213 0.716866 0.019557 0.027211
0 0.558657 0.749707 0.027379 0.031902
0 0.415502 0.737040 0.031291 0.032841
0 0.499205 0.883650 0.033637 0.039878
0 0.953113 0.209008 0.026988 0.031433
0 0.234017 0.069435 0.025032 0.030964
0 0.269415 0.386817 0.036375 0.042693
0 0.744836 0.553601 0.035984 0.051607