0 0.361084 0.278062 0.065018 0.095648
2 0.027466 0.501216 0.028644 0.053022
2 0.057149 0.615370 0.023248 0.053022
2 0.078943 0.701765 0.024493 0.048656
2 0.161140 0.920716 0.031135 0.056141
0 0.899617 0.635430 0.059801 0.133656
0 0.849112 0.726422 0.054274 0.120819
0 0.418452 0.746381 0.033418 0.098474
0 0.449267 0.586279 0.066403 0.095213
2 0.688076 0.468767 0.025707 0.042490
2 0.674121 0.525328 0.024238 0.034213
2 0.697808 0.526984 0.024605 0.044145
2 0.702582 0.499945 0.027543 0.035316
2 0.596084 0.621896 0.022401 0.038627