0 0.458838 0.556734 0.070839 0.086707
1 0.433152 0.904498 0.017304 0.026199
2 0.772573 0.487695 0.020314 0.027002
2 0.745927 0.449178 0.015308 0.022073
0 0.913990 0.415333 0.038907 0.036788
0 0.295790 0.081853 0.049430 0.048192
2 0.283353 0.636059 0.016264 0.026487
2 0.314765 0.635324 0.021048 0.022808
2 0.332784 0.713497 0.020091 0.025384
2 0.396884 0.805283 0.017540 0.027223
2 0.340118 0.961263 0.017540 0.017658
2 0.360847 0.936615 0.020729 0.021337
2 0.367225 0.927234 0.015626 0.018026
2 0.507704 0.933304 0.022323 0.025751
2 0.534970 0.973035 0.020091 0.022073
2 0.010529 0.856234 0.017221 0.025384
2 0.011485 0.759482 0.013394 0.019497
2 0.015472 0.798109 0.009886 0.014347
2 0.027909 0.740904 0.018815 0.022073
2 0.027909 0.783026 0.016902 0.023176
2 0.040665 0.767759 0.013075 0.016187
2 0.010688 0.787257 0.018815 0.011772
2 0.034925 0.749733 0.022642 0.028694
2 0.132032 0.361255 0.017859 0.034580
2 0.021531 0.195894 0.017540 0.026119
0 0.638728 0.811183 0.036330 0.045685
0 0.927406 0.869138 0.032403 0.035490
2 0.939516 0.757570 0.018001 0.025296
0 0.758847 0.685645 0.041567 0.049838