2 0.061199 0.556202 0.044130 0.083618
2 0.058285 0.417753 0.034971 0.078135
2 0.099500 0.382798 0.042465 0.074022
2 0.161948 0.917403 0.037469 0.079505
2 0.096170 0.679573 0.034138 0.080876
2 0.124063 0.766617 0.034971 0.068539
2 0.084513 0.616517 0.029142 0.078135
2 0.733555 0.778269 0.058285 0.089101
2 0.818901 0.696022 0.049126 0.091842
2 0.888426 0.648045 0.038301 0.089101
2 0.992090 0.560314 0.015820 0.075393
2 0.955037 0.933167 0.043297 0.069910
2 0.833888 0.900954 0.060783 0.071281
2 0.902998 0.976522 0.052456 0.046956
2 0.729392 0.977893 0.053289 0.044214