2 0.370525 0.160356 0.029420 0.054465
2 0.761032 0.239532 0.029975 0.039336
2 0.644463 0.323751 0.031085 0.036310
2 0.623092 0.391329 0.031640 0.040345
2 0.431585 0.187588 0.027200 0.054465
2 0.401055 0.140688 0.024979 0.041353
2 0.330280 0.106899 0.024424 0.042362
2 0.613933 0.309631 0.023314 0.054465
2 0.602831 0.427135 0.024424 0.031267
2 0.612545 0.412005 0.024979 0.035302
2 0.639190 0.557246 0.022759 0.043370
2 0.475160 0.480087 0.032195 0.056482
2 0.634749 0.363087 0.030530 0.034293
2 0.069109 0.405954 0.029420 0.047405
2 0.145712 0.824025 0.027200 0.042362
2 0.106855 0.884542 0.031640 0.036310
2 0.084374 0.812426 0.022204 0.045388
2 0.135998 0.505807 0.026644 0.043370