2 0.082442 0.584687 0.029224 0.042539
2 0.123050 0.616167 0.029463 0.053457
2 0.155546 0.632615 0.026863 0.053457
2 0.227036 0.649063 0.020797 0.078130
2 0.480069 0.898873 0.029463 0.059625
2 0.308944 0.724699 0.029387 0.051848
2 0.618642 0.605359 0.015070 0.070621
2 0.584545 0.553063 0.019215 0.069727
2 0.578894 0.640669 0.020722 0.085818
2 0.565896 0.775206 0.015070 0.075984
2 0.570040 0.713078 0.013563 0.060787
2 0.130553 0.458382 0.025312 0.056812
2 0.124168 0.522499 0.029873 0.047614
2 0.128614 0.385609 0.012314 0.071421
2 0.138990 0.377493 0.016191 0.059517
1 0.500156 0.418688 0.012443 0.032159
1 0.503155 0.391010 0.010443 0.027414
1 0.501600 0.363596 0.010887 0.025305
1 0.536151 0.338291 0.008443 0.024251
1 0.442497 0.324057 0.014887 0.033740
1 0.260965 0.148814 0.012665 0.032422
1 0.259465 0.176492 0.012998 0.026096
1 0.289628 0.328323 0.013998 0.037167
1 0.181309 0.394354 0.012665 0.022142
1 0.163312 0.131022 0.007332 0.023724
1 0.170477 0.132999 0.006999 0.016607
1 0.111818 0.231452 0.009665 0.028468
1 0.059825 0.945137 0.012998 0.032422
1 0.106486 0.886619 0.012998 0.027678
1 0.015165 0.801214 0.014331 0.035585
1 0.044327 0.940393 0.012665 0.030841
1 0.281629 0.968861 0.007999 0.027678
1 0.671949 0.786106 0.012874 0.035834
1 0.690517 0.865411 0.011389 0.024085
1 0.781629 0.847494 0.009903 0.022323
1 0.801560 0.855425 0.009161 0.020560
1 0.793142 0.851606 0.008170 0.027022
1 0.825576 0.714145 0.013617 0.031722
1 0.945407 0.863942 0.009656 0.024673
1 0.956425 0.871873 0.012379 0.022910
1 0.865313 0.958521 0.009903 0.028197
1 0.875340 0.962339 0.011141 0.025260
1 0.869522 0.777588 0.011389 0.029372
1 0.853664 0.438721 0.013332 0.034267
1 0.844443 0.517273 0.009999 0.025832
1 0.838555 0.602941 0.011110 0.025305
1 0.847887 0.605050 0.008443 0.024251
1 0.710128 0.598724 0.008888 0.023196
1 0.724348 0.607159 0.006666 0.016870
1 0.718126 0.614276 0.008443 0.021615
1 0.770342 0.342772 0.010221 0.024778
1 0.691463 0.440830 0.011110 0.028996
1 0.697685 0.283727 0.012443 0.026887
1 0.711905 0.207284 0.012443 0.025832
1 0.545107 0.155696 0.013350 0.023895
1 0.541126 0.188481 0.010539 0.023895
1 0.589021 0.213487 0.010305 0.025006
1 0.238783 0.398465 0.013961 0.031983
1 0.087016 0.261966 0.009869 0.027414
1 0.203760 0.878780 0.008425 0.019418
1 0.528596 0.779690 0.009147 0.029127
2 0.886650 0.185436 0.037310 0.046832
2 0.976074 0.142316 0.034181 0.047403
2 0.353792 0.823259 0.026893 0.044666
1 0.833234 0.404251 0.011654 0.026232
2 0.643190 0.241894 0.014044 0.064517