0 0.732935 0.889854 0.084849 0.071225
0 0.452778 0.094201 0.028434 0.022363
0 0.488321 0.131422 0.021477 0.018993
0 0.331147 0.279821 0.015523 0.022637
2 0.078750 0.939131 0.018627 0.015720
2 0.222489 0.986606 0.014281 0.016349
2 0.262227 0.850468 0.015523 0.016978
2 0.219384 0.806452 0.015523 0.015720
2 0.153569 0.755203 0.014281 0.015091
2 0.068505 0.687606 0.011797 0.015720
2 0.324938 0.886940 0.011797 0.015720
2 0.332699 0.850468 0.008693 0.018236
2 0.432354 0.866189 0.014281 0.013205
2 0.379577 0.811168 0.018006 0.013834
2 0.292340 0.760548 0.013660 0.013205
2 0.340150 0.790731 0.014902 0.015720
2 0.454706 0.883167 0.013039 0.018236
2 0.444151 0.874992 0.014281 0.010690
2 0.479700 0.906473 0.009680 0.014705
2 0.487867 0.911987 0.009680 0.012254
2 0.508134 0.928224 0.011495 0.012254
2 0.524317 0.940630 0.011797 0.010722
2 0.510705 0.950587 0.010587 0.012866
2 0.543525 0.979996 0.012100 0.013479
2 0.566666 0.988727 0.012402 0.018074
2 0.543525 0.788837 0.013915 0.012254
2 0.552751 0.778727 0.009377 0.012866
2 0.533241 0.759121 0.010285 0.011641
2 0.668303 0.681923 0.013612 0.012866
2 0.632609 0.658181 0.008167 0.015624
0 0.593436 0.711944 0.026014 0.028184
2 0.678285 0.832031 0.006957 0.011641
2 0.686604 0.823301 0.008470 0.012560
2 0.696283 0.810128 0.013310 0.015011
2 0.703543 0.800631 0.010285 0.016236
2 0.718365 0.784854 0.011495 0.012866
2 0.823178 0.675489 0.011797 0.014092
2 0.827413 0.592317 0.010587 0.010109
2 0.767369 0.562448 0.010890 0.011028
2 0.923151 0.541311 0.013310 0.011641
2 0.948863 0.534418 0.012100 0.013785
2 0.958845 0.403762 0.012705 0.011028
2 0.882315 0.337898 0.013310 0.013479
2 0.848739 0.309714 0.010890 0.009803
2 0.950224 0.047177 0.012402 0.013479
2 0.925420 0.026805 0.011797 0.011335
2 0.907573 0.031247 0.011192 0.011641
2 0.888668 0.015777 0.011495 0.009497
2 0.425251 0.758202 0.012705 0.014705
2 0.417840 0.750697 0.011797 0.013785
2 0.532938 0.632754 0.012705 0.015011
2 0.617484 0.531508 0.014822 0.012866
2 0.673748 0.457219 0.013612 0.011335
2 0.698401 0.413718 0.011495 0.013785
2 0.704299 0.020372 0.011797 0.016849
2 0.692502 0.034157 0.011797 0.015011
2 0.511461 0.254113 0.007260 0.015011
2 0.488321 0.280918 0.014822 0.015930
2 0.535056 0.350764 0.014520 0.014705
2 0.614157 0.416628 0.013612 0.009803
2 0.535661 0.575315 0.007865 0.013479
2 0.521595 0.560917 0.009982 0.014092
2 0.505563 0.547437 0.009982 0.012866
2 0.488926 0.535030 0.009982 0.011947
2 0.479700 0.524768 0.010890 0.011641
2 0.445972 0.497044 0.010587 0.011335
2 0.421621 0.476519 0.009075 0.010109
2 0.395153 0.454002 0.011797 0.011641
2 0.338588 0.598291 0.009982 0.012254
2 0.207760 0.678706 0.015730 0.015011
2 0.128961 0.627546 0.014822 0.013785
2 0.217440 0.517569 0.019964 0.017462
2 0.294575 0.496278 0.013310 0.011641
2 0.292911 0.368532 0.013007 0.013479
2 0.194299 0.287504 0.012402 0.018687
2 0.137129 0.239408 0.009982 0.015011
2 0.125936 0.232515 0.013612 0.017768
2 0.178419 0.071072 0.013310 0.019606
2 0.124273 0.009650 0.010890 0.011947
2 0.543998 0.190983 0.012491 0.016516
2 0.297646 0.098742 0.024982 0.028112