2 0.417788 0.861773 0.018189 0.031167
2 0.434095 0.870864 0.020698 0.027531
2 0.451658 0.879175 0.015680 0.031687
2 0.466711 0.884110 0.018189 0.033245
2 0.483019 0.890603 0.018189 0.030648
2 0.500581 0.901512 0.018189 0.032726
2 0.515320 0.905148 0.017562 0.027531
2 0.529433 0.905408 0.015680 0.025973
2 0.544800 0.903849 0.020071 0.027012
2 0.557030 0.896577 0.013172 0.021817
2 0.568007 0.898395 0.017562 0.022337
2 0.509362 0.848268 0.028225 0.017661
2 0.482391 0.808270 0.028225 0.020778
2 0.507166 0.819438 0.023834 0.019220
2 0.541664 0.830606 0.022580 0.020778
2 0.560480 0.838658 0.027598 0.019220
2 0.575220 0.846969 0.021953 0.019220
2 0.591214 0.852423 0.027598 0.020778
2 0.617557 0.859696 0.018817 0.022856
2 0.650486 0.873721 0.039515 0.019739
2 0.679024 0.888266 0.031361 0.021817
2 0.703486 0.898135 0.027598 0.022856
2 0.731397 0.908784 0.023207 0.022337
2 0.756486 0.921251 0.031988 0.020259
2 0.785965 0.932939 0.025716 0.023895
2 0.812308 0.984105 0.020698 0.017142
2 0.785652 0.972417 0.015053 0.016623
2 0.756172 0.962807 0.028852 0.022337
2 0.880989 0.892681 0.013799 0.026492
2 0.742374 0.577373 0.010036 0.028570
2 0.748332 0.600748 0.026970 0.020259
2 0.758368 0.624643 0.024462 0.017142
2 0.767462 0.641785 0.022580 0.016103
2 0.773107 0.658407 0.028852 0.014025
2 0.787847 0.680224 0.025716 0.018181
2 0.792865 0.705158 0.024462 0.018181
2 0.810427 0.739442 0.024462 0.023375
2 0.821717 0.760999 0.026970 0.021817
2 0.825166 0.780219 0.026343 0.018700
2 0.835516 0.802556 0.026970 0.020778
2 0.846492 0.826970 0.027598 0.019739
2 0.858723 0.850086 0.024462 0.022337
2 0.869699 0.872682 0.026343 0.022856
2 0.870013 0.803335 0.024462 0.020259
2 0.861545 0.782816 0.025089 0.017661
2 0.850882 0.758402 0.016308 0.020778
2 0.832379 0.718664 0.021953 0.020259
2 0.823285 0.695289 0.026343 0.020259
2 0.813877 0.674770 0.017562 0.019739
2 0.773735 0.577632 0.027598 0.022856
2 0.640450 0.748273 0.034497 0.018181
2 0.563616 0.719703 0.035124 0.017142
2 0.546054 0.711392 0.031361 0.017142
2 0.533196 0.706976 0.030734 0.015584
2 0.519397 0.695029 0.038260 0.023895
2 0.477906 0.647961 0.017582 0.029495
2 0.466635 0.661216 0.013975 0.032109
2 0.219933 0.782386 0.019784 0.025260
2 0.195821 0.771804 0.020196 0.024578
2 0.182632 0.768220 0.020196 0.022188
2 0.167175 0.760881 0.020609 0.021847
2 0.156253 0.755931 0.024318 0.020140
2 0.140178 0.748763 0.022669 0.022188
2 0.194585 0.706093 0.030913 0.023554
2 0.110089 0.673152 0.035035 0.021164
2 0.031777 0.627581 0.028440 0.021505
2 0.040638 0.527223 0.026379 0.025602
2 0.011457 0.518348 0.022914 0.016726
2 0.015991 0.503158 0.031982 0.015020
2 0.072788 0.474996 0.021433 0.023554
2 0.067430 0.363373 0.019784 0.020823
2 0.107204 0.414405 0.021845 0.021164
2 0.141002 0.461683 0.021845 0.022871
2 0.126989 0.416795 0.025143 0.023212
2 0.109883 0.384707 0.023906 0.020481
2 0.183868 0.469534 0.025143 0.020140
2 0.214575 0.481140 0.023906 0.018092
2 0.241160 0.493941 0.021845 0.023212
2 0.267127 0.504011 0.021021 0.018092
2 0.331014 0.534904 0.028440 0.019116
2 0.356775 0.543608 0.023906 0.016726
2 0.987706 0.449356 0.024588 0.014602
2 0.968733 0.376123 0.026181 0.014160
2 0.963123 0.360193 0.036332 0.008850
2 0.960985 0.346918 0.025646 0.013275
2 0.837563 0.496040 0.029921 0.014160
2 0.873093 0.485198 0.030455 0.015487
2 0.899007 0.479003 0.032058 0.013717
2 0.926256 0.469932 0.026715 0.018585
2 0.949231 0.459976 0.021372 0.022567
2 0.722421 0.482765 0.037935 0.017700
2 0.719750 0.462852 0.024043 0.015045
2 0.717613 0.449135 0.020838 0.010620
2 0.685555 0.452675 0.022975 0.023010
2 0.673533 0.426346 0.018166 0.017257
2 0.653230 0.382097 0.024578 0.026992
2 0.639872 0.349130 0.022441 0.021240
2 0.623844 0.316828 0.020303 0.017700
2 0.616096 0.294482 0.017632 0.018142
2 0.594190 0.247135 0.026181 0.019027
2 0.584306 0.228771 0.027783 0.016815
2 0.573887 0.207089 0.022975 0.023010
2 0.559194 0.177220 0.021372 0.017257
2 0.547973 0.152662 0.020303 0.021240
2 0.576024 0.140714 0.025112 0.022125
2 0.586710 0.161512 0.028318 0.018585
2 0.596594 0.179433 0.029921 0.016372
2 0.707194 0.050666 0.039538 0.011947
2 0.162781 0.206213 0.035200 0.021505
2 0.193076 0.170131 0.026544 0.020072
2 0.223082 0.189247 0.032314 0.022939
2 0.266937 0.172521 0.033468 0.017204
2 0.320025 0.131661 0.030006 0.017682
2 0.240485 0.153768 0.033661 0.021682
2 0.382089 0.142133 0.030344 0.017303
2 0.358709 0.121328 0.028355 0.018539
2 0.404225 0.108351 0.024872 0.018127
2 0.425864 0.103201 0.026365 0.016891
2 0.450239 0.095167 0.031339 0.016479
2 0.497740 0.026067 0.033224 0.026067
2 0.579925 0.059375 0.031475 0.021723
2 0.609214 0.053220 0.022732 0.015206
2 0.821181 0.016506 0.023917 0.021065
2 0.977581 0.910862 0.033870 0.016103