0 0.192337 0.606169 0.081281 0.063538
2 0.685925 0.922320 0.030153 0.030744
2 0.617753 0.969717 0.031464 0.035356
2 0.656100 0.945378 0.024253 0.022546
2 0.507630 0.992160 0.028842 0.015679
2 0.585962 0.818047 0.038674 0.034331
2 0.935013 0.933337 0.023598 0.028182
2 0.955333 0.918221 0.026220 0.025620
2 0.971065 0.901824 0.024909 0.024595
2 0.981553 0.890039 0.031464 0.025620
2 0.988810 0.875692 0.022380 0.027670
2 0.832100 0.825989 0.041952 0.029719
0 0.744434 0.765334 0.048752 0.045732
2 0.150895 0.124425 0.032910 0.025231
2 0.121466 0.146193 0.028480 0.021273
2 0.158174 0.406916 0.034809 0.031168
2 0.218615 0.463563 0.031645 0.026715
2 0.187920 0.485331 0.034809 0.028694
2 0.522087 0.752733 0.029746 0.027210
2 0.030951 0.924843 0.029649 0.037523