2 0.394522 0.201049 0.027972 0.022145
2 0.060169 0.559149 0.029720 0.026224
2 0.357372 0.645688 0.021853 0.026807
2 0.409601 0.972902 0.014423 0.033217
2 0.630318 0.316434 0.021416 0.029138
1 0.585519 0.545455 0.010490 0.016317
1 0.774548 0.520105 0.017045 0.026224
1 0.706804 0.560023 0.013549 0.013986
1 0.474286 0.762238 0.011801 0.011655
1 0.473412 0.771853 0.011801 0.013403
1 0.366550 0.769814 0.015734 0.015152
1 0.359557 0.777972 0.013986 0.013986
1 0.300991 0.771853 0.012238 0.016900
1 0.562354 0.848776 0.014860 0.018065
1 0.732153 0.965618 0.015297 0.016317
1 0.632284 0.988054 0.017483 0.018065
1 0.896926 0.293998 0.012675 0.016900
1 0.852127 0.388986 0.015734 0.014569
2 0.962048 0.442599 0.027535 0.020396
2 0.861742 0.645105 0.028846 0.017483
1 0.811699 0.919289 0.016171 0.020396
1 0.973631 0.842657 0.013112 0.017483
1 0.920090 0.813811 0.015297 0.021562
1 0.809513 0.818182 0.011801 0.015152
1 0.824374 0.774767 0.011801 0.014569
1 0.845353 0.805361 0.013549 0.018648
1 0.568036 0.789918 0.014860 0.016900