2 0.042906 0.519132 0.013349 0.047179
2 0.473160 0.204936 0.016686 0.045172
2 0.300582 0.600943 0.014779 0.038145
2 0.112986 0.537702 0.020023 0.028107
2 0.019069 0.371068 0.016209 0.040153
2 0.030273 0.096022 0.024314 0.032122
2 0.102975 0.041816 0.024790 0.028107
2 0.844298 0.328406 0.020976 0.037141
2 0.838816 0.498052 0.022407 0.027103
2 0.752765 0.421259 0.017162 0.042160
2 0.733457 0.359525 0.015732 0.045172
2 0.734887 0.276208 0.016686 0.037141
2 0.708667 0.212465 0.019546 0.040153
2 0.796148 0.035793 0.022883 0.028107
2 0.747283 0.042318 0.019546 0.031118
2 0.841676 0.913131 0.019546 0.038145
0 0.993421 0.256131 0.013158 0.079302
0 0.310593 0.162274 0.030034 0.052199
2 0.307256 0.927184 0.020500 0.042160