1 0.261364 0.272321 0.024351 0.039155
1 0.158685 0.502900 0.023539 0.033354
1 0.146510 0.520303 0.023539 0.030454
1 0.133117 0.533354 0.025974 0.030454
1 0.262175 0.639943 0.021104 0.031904
1 0.267451 0.675472 0.023539 0.042055
1 0.292614 0.389786 0.026786 0.053657
1 0.323458 0.477522 0.023539 0.043506
1 0.362013 0.570334 0.019481 0.040605
1 0.401786 0.666771 0.025974 0.033354
1 0.435877 0.752332 0.021104 0.044956
1 0.467938 0.837168 0.017045 0.043506
1 0.440341 0.536980 0.015422 0.049306
1 0.471997 0.502175 0.015422 0.046406
1 0.424107 0.371659 0.021916 0.046406
1 0.581169 0.258544 0.017857 0.040605
1 0.573052 0.227365 0.021104 0.036255
1 0.562094 0.206337 0.017045 0.026103
1 0.555601 0.180959 0.018669 0.033354
1 0.544237 0.160657 0.017045 0.030454
1 0.554789 0.125127 0.020292 0.043506
1 0.540584 0.099024 0.021104 0.034804
1 0.525162 0.056243 0.014610 0.030454
1 0.515422 0.018538 0.025974 0.036255
1 0.553977 0.027965 0.028409 0.043506
1 0.565341 0.062044 0.026786 0.033354
1 0.598620 0.177334 0.025162 0.034804
1 0.613636 0.218664 0.025974 0.039155
1 0.774756 0.063494 0.025162 0.042055
1 0.885146 0.101199 0.025162 0.047856
2 0.870536 0.682723 0.054383 0.085561
2 0.789773 0.776260 0.060065 0.072509
2 0.735390 0.827742 0.050325 0.079760
2 0.814529 0.894450 0.067370 0.085561