2 0.377784 0.634054 0.032599 0.023141
2 0.377575 0.604897 0.034689 0.015736
2 0.312376 0.560698 0.031346 0.024529
2 0.357305 0.526450 0.037615 0.018050
2 0.360858 0.541028 0.038033 0.019438
2 0.363992 0.554450 0.034271 0.018513
2 0.366918 0.569260 0.035943 0.022215
2 0.600766 0.911457 0.020730 0.034023
2 0.398279 0.989035 0.034056 0.021930
2 0.836939 0.977249 0.034797 0.018856
2 0.666843 0.981554 0.032205 0.017627
2 0.959653 0.981554 0.033686 0.020086
2 0.269228 0.529743 0.036875 0.027223
2 0.191989 0.541883 0.028570 0.016187
2 0.131859 0.550344 0.031892 0.016187
2 0.162257 0.546113 0.026909 0.016554