2 0.677514 0.584189 0.012264 0.025751
2 0.690800 0.575176 0.010220 0.020233
0 0.568578 0.834852 0.021275 0.022490
0 0.471627 0.799741 0.024750 0.024066
0 0.841127 0.982425 0.027402 0.035150
0 0.269932 0.895312 0.021214 0.021752
0 0.247754 0.901560 0.016071 0.024066
2 0.328761 0.746874 0.017082 0.015577
2 0.300149 0.733962 0.016797 0.012708
2 0.317231 0.731297 0.016227 0.013117
0 0.950670 0.577372 0.020213 0.026645
0 0.960634 0.555852 0.024768 0.022956
2 0.869675 0.496618 0.012526 0.019266
2 0.910386 0.450092 0.013096 0.019676
2 0.896151 0.468744 0.014235 0.016807
0 0.669679 0.469358 0.073735 0.090182
0 0.755087 0.380816 0.076013 0.141013
2 0.967243 0.206563 0.013797 0.023176
2 0.791975 0.211161 0.014308 0.015451
2 0.782777 0.187249 0.012775 0.011036
2 0.995757 0.054262 0.008485 0.021705
0 0.466222 0.131884 0.014308 0.026855
2 0.395067 0.025935 0.016607 0.015083
0 0.241261 0.213001 0.025805 0.026487