2 0.499516 0.047619 0.019260 0.031746
2 0.524702 0.046107 0.020248 0.036281
2 0.439760 0.054422 0.024199 0.039305
2 0.600014 0.027211 0.026668 0.037793
2 0.614335 0.071051 0.023705 0.034769
2 0.643472 0.106954 0.026668 0.038549
2 0.649399 0.309524 0.024692 0.046107
2 0.594088 0.182918 0.020742 0.034769
2 0.609150 0.203704 0.024199 0.032502
2 0.551123 0.099773 0.023705 0.033258
2 0.486676 0.197657 0.022223 0.035525
2 0.476799 0.242630 0.020248 0.033258
2 0.480749 0.227891 0.019260 0.035525
2 0.333830 0.175359 0.027656 0.028723
2 0.301236 0.159864 0.020742 0.027967
2 0.290371 0.193878 0.021729 0.030990
2 0.297285 0.354119 0.021729 0.026455
2 0.342472 0.147770 0.023211 0.027967
2 0.542727 0.023054 0.028643 0.046107
2 0.626435 0.087302 0.020248 0.041572
2 0.574581 0.085790 0.022223 0.043084
2 0.569395 0.075208 0.022717 0.044596
2 0.605940 0.147392 0.017779 0.034769
2 0.601495 0.389645 0.025680 0.037037
2 0.615076 0.477324 0.019260 0.043084
2 0.649399 0.476946 0.019754 0.036281
2 0.635571 0.450869 0.020742 0.040060
2 0.710883 0.352986 0.020248 0.048375
2 0.765947 0.446712 0.014815 0.043840
2 0.786935 0.486017 0.011359 0.036281
2 0.814097 0.550642 0.013334 0.046107
2 0.823480 0.565004 0.016297 0.062736
2 0.662979 0.153439 0.019260 0.040816
2 0.677548 0.162132 0.019754 0.035525
2 0.652115 0.133031 0.017285 0.039305
2 0.614088 0.164399 0.022223 0.040060
2 0.581001 0.013983 0.022223 0.027966
2 0.507664 0.696523 0.032594 0.034014
2 0.541987 0.724868 0.020248 0.024187
2 0.460008 0.706727 0.021235 0.039305
2 0.445933 0.788738 0.024692 0.030990
2 0.713846 0.972789 0.019260 0.046863
2 0.246665 0.844293 0.033088 0.060469
2 0.368892 0.910764 0.020393 0.038415
2 0.492558 0.807523 0.016733 0.027211
2 0.486544 0.925570 0.026668 0.028011
2 0.445497 0.214086 0.023008 0.039216
2 0.444451 0.234494 0.020916 0.038415
2 0.457785 0.166467 0.019347 0.033613
2 0.682230 0.544218 0.018667 0.054422
2 0.855126 0.735374 0.028446 0.047619
2 0.845348 0.646259 0.024890 0.046259
2 0.898239 0.702721 0.022223 0.047619
2 0.664896 0.508844 0.028446 0.054422