2 0.501994 0.507670 0.021916 0.025751
2 0.516605 0.457271 0.018669 0.030902
2 0.531418 0.405400 0.019887 0.028694
2 0.481296 0.581614 0.020293 0.031637
2 0.503821 0.612515 0.030439 0.019865
2 0.370701 0.835081 0.015828 0.026487
2 0.389776 0.760402 0.028004 0.014715
2 0.380848 0.917485 0.021510 0.036788
2 0.331740 0.968252 0.025569 0.030166
2 0.090624 0.741955 0.035727 0.018856
2 0.031381 0.744005 0.029395 0.014757
2 0.782769 0.728223 0.028943 0.014347
2 0.843368 0.725763 0.030752 0.015987
2 0.747721 0.728428 0.030300 0.014757
2 0.622226 0.730478 0.032561 0.014757
2 0.849247 0.433490 0.018994 0.036483
2 0.509845 0.339209 0.018542 0.030744
2 0.519795 0.312769 0.015828 0.024595
2 0.404927 0.339619 0.024873 0.019266
2 0.433192 0.333675 0.021707 0.027055
2 0.485651 0.330396 0.021707 0.022956
2 0.449924 0.333265 0.022612 0.025415
2 0.469370 0.333265 0.027134 0.024595
2 0.429753 0.245558 0.030033 0.015819
2 0.466076 0.246845 0.035309 0.015451