0 0.217596 0.177759 0.014988 0.043886
0 0.209964 0.126639 0.023036 0.040028
0 0.188593 0.376934 0.018041 0.045815
0 0.200389 0.436494 0.014988 0.048226
0 0.188177 0.432877 0.012212 0.040028
0 0.116431 0.975907 0.020261 0.031347
0 0.126145 0.644109 0.025257 0.036170
0 0.041771 0.609145 0.023591 0.029900
0 0.373439 0.882830 0.059672 0.070893
0 0.581460 0.779866 0.018873 0.027007
0 0.503886 0.781313 0.018596 0.021220
0 0.587288 0.902603 0.026089 0.027489
0 0.673883 0.985422 0.017208 0.029156
0 0.696503 0.189092 0.030808 0.045333
0 0.691091 0.145447 0.013877 0.039063
0 0.797252 0.160638 0.024702 0.040510
0 0.841799 0.200184 0.016653 0.045333
0 0.894671 0.187163 0.026367 0.023149
0 0.713572 0.255162 0.024424 0.039546
0 0.660977 0.465912 0.013600 0.035688
0 0.217874 0.645073 0.013877 0.034241
0 0.548987 0.083717 0.012767 0.042922
0 0.525951 0.198737 0.014432 0.038581
2 0.128365 0.196567 0.010269 0.027489
2 0.120455 0.293743 0.009437 0.027007
2 0.133500 0.281928 0.008881 0.023631
2 0.118651 0.325814 0.008604 0.024596
2 0.282265 0.261191 0.011657 0.024596
2 0.292534 0.286509 0.006661 0.026042
2 0.279212 0.303871 0.007771 0.026042
2 0.284346 0.207659 0.014155 0.021702
2 0.148210 0.593471 0.014432 0.016879
2 0.636692 0.718860 0.017208 0.019773
2 0.623647 0.132185 0.008881 0.023149
2 0.442548 0.246481 0.010269 0.029900
2 0.440605 0.279517 0.009714 0.020737
2 0.451984 0.300495 0.009714 0.027007
2 0.455454 0.278070 0.013322 0.022666
2 0.274216 0.358126 0.011657 0.022666
2 0.437830 0.433600 0.008604 0.023149
2 0.480433 0.978559 0.012767 0.017362
2 0.025396 0.184510 0.008604 0.028454
2 0.723009 0.942872 0.010547 0.025078
2 0.784208 0.689201 0.013045 0.027007
1 0.810158 0.409487 0.009992 0.020255
1 0.314763 0.016700 0.009840 0.019291
1 0.817627 0.450958 0.009840 0.018852