2 0.058663 0.048571 0.014887 0.020634
2 0.078344 0.062027 0.016400 0.026016
2 0.076830 0.045431 0.014382 0.018840
2 0.011354 0.147478 0.008579 0.029156
2 0.022961 0.157346 0.010093 0.028259
2 0.035450 0.164075 0.012363 0.028259
2 0.045795 0.145011 0.010345 0.035885
2 0.071657 0.380281 0.010597 0.033642
2 0.056136 0.507716 0.016653 0.021010
2 0.099514 0.492914 0.013161 0.019100
2 0.118584 0.488855 0.014773 0.019577
2 0.151084 0.484080 0.016921 0.014802
2 0.180898 0.482647 0.015310 0.021487
2 0.195536 0.481454 0.016653 0.017190
2 0.099514 0.556899 0.010475 0.029605
2 0.068894 0.639028 0.009401 0.029605
2 0.051301 0.744795 0.013430 0.026262
2 0.146921 0.751241 0.016653 0.018145
2 0.184792 0.777503 0.016116 0.022920
2 0.207623 0.796603 0.017727 0.029605
2 0.224410 0.806392 0.015310 0.024352
2 0.099648 0.796603 0.016653 0.024830
2 0.096156 0.835042 0.011818 0.021487
2 0.091053 0.846979 0.016116 0.020532
2 0.170422 0.968503 0.008864 0.021010
2 0.158604 0.817852 0.009938 0.028172
2 0.327415 0.695135 0.013430 0.021487
2 0.334802 0.719726 0.015310 0.025785
2 0.379925 0.680810 0.019070 0.021487
2 0.288469 0.807347 0.011281 0.028172
2 0.259327 0.853903 0.014773 0.028650
2 0.312240 0.843637 0.013161 0.032947
2 0.317343 0.824776 0.011550 0.030560
2 0.322715 0.898072 0.013698 0.021487
2 0.342457 0.928393 0.014504 0.023875
2 0.353872 0.917649 0.012624 0.023397
2 0.402084 0.970652 0.017190 0.030082
2 0.410411 0.960863 0.015578 0.020055
2 0.475679 0.887089 0.009132 0.026262
2 0.469770 0.909532 0.010207 0.030082
2 0.518520 0.818807 0.011550 0.031037
2 0.427466 0.939137 0.011012 0.026262
2 0.446134 0.951313 0.011281 0.038200
2 0.439284 0.947493 0.013161 0.032470
2 0.421289 0.988788 0.013698 0.022424
2 0.448014 0.978292 0.012355 0.018622
2 0.482662 0.972562 0.016116 0.026262
2 0.462249 0.995473 0.010744 0.009054
2 0.295184 0.833371 0.011818 0.030560
2 0.351589 0.435614 0.011281 0.029605
2 0.321103 0.378314 0.012087 0.027695
2 0.328624 0.321014 0.012624 0.025785
2 0.520265 0.302869 0.016653 0.018145
2 0.520668 0.343456 0.015847 0.017190
2 0.385700 0.211905 0.021487 0.018622
2 0.409068 0.219068 0.026859 0.027217
2 0.387983 0.161768 0.021219 0.035812
2 0.400070 0.182778 0.027128 0.035812
2 0.394698 0.167975 0.021219 0.039632
2 0.541887 0.713280 0.011550 0.022442
2 0.547259 0.770341 0.011012 0.030560
2 0.536247 0.805437 0.013698 0.031037
2 0.557331 0.873958 0.010207 0.028650
2 0.569821 0.800901 0.015310 0.021965
2 0.574656 0.835519 0.017996 0.026262
2 0.562166 0.944389 0.012355 0.028172
2 0.563777 0.916217 0.012892 0.030082
2 0.577207 0.859633 0.014504 0.022920
2 0.584325 0.877539 0.015847 0.025307
2 0.617093 0.875868 0.012087 0.032470
2 0.748435 0.731186 0.013698 0.033425
2 0.757702 0.772967 0.016653 0.024352
2 0.749241 0.798036 0.015310 0.026740
2 0.721576 0.879211 0.014773 0.029605
2 0.740378 0.942002 0.011012 0.033902
2 0.718890 0.956327 0.016921 0.023397
2 0.683704 0.941763 0.013161 0.029605
2 0.702103 0.974472 0.014504 0.023397
2 0.610244 0.907383 0.010207 0.030560
2 0.572238 0.984499 0.011550 0.029127
2 0.576267 0.906667 0.015310 0.029127
2 0.725068 0.934123 0.016384 0.021965
2 0.605812 0.969935 0.013161 0.032470
2 0.619914 0.915023 0.013430 0.029605
2 0.722919 0.946777 0.014235 0.019577
2 0.603261 0.931258 0.010207 0.034380
2 0.599232 0.958714 0.012355 0.029127
2 0.613199 0.942240 0.013967 0.030560
2 0.642207 0.715906 0.014504 0.025785
2 0.542962 0.555944 0.011550 0.032470
2 0.600575 0.465457 0.014504 0.028172
2 0.611184 0.437762 0.014235 0.031992
2 0.603798 0.454952 0.017190 0.024352
2 0.757299 0.464264 0.017996 0.027695
2 0.733663 0.575282 0.018533 0.035812
2 0.684376 0.608946 0.013967 0.023875
2 0.668395 0.643803 0.014235 0.030560
2 0.680213 0.624465 0.012087 0.025307
2 0.656577 0.668872 0.012087 0.024352
2 0.772743 0.438956 0.011281 0.029605
2 0.779324 0.433942 0.013698 0.024352
2 0.797588 0.392639 0.014773 0.026740
2 0.804437 0.387625 0.014504 0.023397
2 0.824582 0.361363 0.011281 0.023397
2 0.850232 0.333906 0.014235 0.026740
2 0.858962 0.327938 0.012355 0.023397
2 0.927005 0.040339 0.009394 0.017459
2 0.919853 0.043376 0.010034 0.020496
2 0.914729 0.046222 0.013877 0.022393
2 0.908218 0.053244 0.011529 0.021255
2 0.903307 0.059886 0.011956 0.022393
2 0.890711 0.072411 0.013237 0.022393
2 0.885587 0.077535 0.011529 0.019737
2 0.881317 0.081710 0.009394 0.016700
2 0.874805 0.086644 0.011742 0.019737
2 0.897329 0.147562 0.010675 0.027707
2 0.904054 0.139592 0.014731 0.024671
2 0.909178 0.132001 0.015158 0.019357
2 0.915049 0.128395 0.012810 0.019737
2 0.923483 0.114352 0.013023 0.026569
2 0.929140 0.110366 0.013237 0.023912
2 0.935759 0.103724 0.013237 0.023532
2 0.940456 0.097462 0.013237 0.022393
2 0.945046 0.093097 0.013023 0.023532
2 0.882491 0.136745 0.013877 0.027328
2 0.885694 0.126687 0.012169 0.024671
2 0.890817 0.124220 0.008326 0.028846
2 0.830611 0.103534 0.012169 0.023153
2 0.917505 0.063681 0.012169 0.020116
2 0.927859 0.052864 0.011529 0.018218
2 0.931382 0.061025 0.013450 0.023153
2 0.841927 0.091578 0.013450 0.024291
2 0.878435 0.102775 0.010888 0.023153
2 0.888149 0.093476 0.013237 0.020496
2 0.902026 0.092907 0.013664 0.022393
2 0.913128 0.081331 0.012810 0.023532
2 0.911740 0.103534 0.014304 0.028466
2 0.976964 0.201458 0.014945 0.024671
2 0.929247 0.257632 0.010034 0.027707
2 0.781827 0.187415 0.014945 0.025430
2 0.795598 0.149650 0.013023 0.028087
2 0.800935 0.142818 0.011742 0.025809
2 0.746387 0.210568 0.016226 0.027707
2 0.792822 0.204685 0.013023 0.031123
2 0.795491 0.215881 0.014518 0.033021
2 0.973975 0.388387 0.014518 0.025050
2 0.948142 0.463728 0.010675 0.025430
2 0.935545 0.478151 0.012810 0.025430
2 0.941737 0.470560 0.013664 0.025430
2 0.873844 0.507756 0.016226 0.026948
2 0.873738 0.552353 0.013450 0.025809
2 0.861675 0.618585 0.019642 0.023153
2 0.835522 0.642496 0.010461 0.028466
2 0.837977 0.673999 0.008540 0.029225
2 0.838511 0.701327 0.008753 0.029225
2 0.840539 0.726757 0.010248 0.029985
2 0.844382 0.773062 0.008540 0.024671
2 0.856444 0.720684 0.009607 0.026948
2 0.871496 0.714611 0.013237 0.015562
2 0.850787 0.807221 0.014945 0.026189
2 0.886441 0.759018 0.014091 0.017080
2 0.927432 0.757690 0.018361 0.020496
2 0.982408 0.759967 0.016439 0.024291
2 0.901172 0.758259 0.014091 0.019357
2 0.913662 0.759778 0.015585 0.026948
2 0.864344 0.865672 0.010034 0.026948
2 0.866906 0.911598 0.008326 0.023153
2 0.851320 0.942152 0.009607 0.022014
2 0.854950 0.965874 0.010461 0.027707
2 0.944405 0.989864 0.017720 0.020272
2 0.898076 0.122322 0.010034 0.022773
1 0.171020 0.349136 0.020378 0.031942