0 0.427499 0.564612 0.020886 0.049725
0 0.506821 0.414999 0.026219 0.049725
0 0.531929 0.551090 0.012887 0.037512
0 0.608474 0.564612 0.019775 0.032278
0 0.617362 0.477810 0.018886 0.028788
0 0.752900 0.675622 0.014887 0.054524
0 0.906546 0.692197 0.013332 0.023990
0 0.900547 0.497220 0.023108 0.029225
0 0.913767 0.773546 0.012221 0.020937
0 0.927765 0.899604 0.020220 0.034895
0 0.702129 0.806914 0.021775 0.038821
2 0.500711 0.904839 0.011776 0.022682
2 0.520486 0.926430 0.009554 0.017884
2 0.555704 0.960453 0.010665 0.021373
2 0.561814 0.952383 0.008221 0.013958
2 0.450495 0.853586 0.009999 0.018756
2 0.318180 0.922504 0.012443 0.021373
2 0.375172 0.910727 0.009554 0.018756
2 0.374506 0.773546 0.009110 0.017448
2 0.363396 0.762423 0.009554 0.018756
2 0.370839 0.744975 0.008443 0.016139
2 0.351731 0.751518 0.009776 0.015267
2 0.341399 0.740177 0.009110 0.017011
2 0.330734 0.729491 0.009999 0.016575
2 0.335066 0.707463 0.008888 0.016139
2 0.297960 0.696122 0.007555 0.017884
2 0.287628 0.685654 0.010443 0.017011
2 0.292850 0.675622 0.007999 0.014394
2 0.267409 0.664717 0.009554 0.015267
2 0.116651 0.703756 0.010221 0.020937
2 0.135204 0.698958 0.009110 0.019192
2 0.128538 0.715969 0.008666 0.023554
2 0.138981 0.632657 0.007777 0.020937
2 0.146869 0.603650 0.007110 0.021373
2 0.158646 0.583150 0.007999 0.024863
2 0.190419 0.559159 0.008443 0.017884
0 0.105986 0.083714 0.015553 0.030969
0 0.084989 0.150451 0.013998 0.041438
0 0.021664 0.063431 0.012665 0.026171
0 0.129094 0.045111 0.011998 0.030533
2 0.246300 0.043803 0.008666 0.020937
2 0.287851 0.080443 0.012665 0.018320
2 0.242190 0.027664 0.004888 0.014830
2 0.514931 0.069974 0.009110 0.020937
0 0.868440 0.170079 0.013109 0.041438
0 0.966538 0.261461 0.011998 0.037512
0 0.934320 0.299627 0.020886 0.027480
2 0.728014 0.879758 0.009110 0.017011
2 0.537484 0.669297 0.011110 0.017448
2 0.685353 0.749119 0.005555 0.018320
2 0.172310 0.288941 0.010443 0.012213
2 0.241301 0.625678 0.010665 0.016575
2 0.241857 0.857512 0.011332 0.015267
2 0.222748 0.842900 0.011776 0.013086
2 0.175421 0.823053 0.010887 0.017884
2 0.129983 0.796446 0.011110 0.015267
2 0.075101 0.838320 0.008443 0.019628
2 0.076434 0.861002 0.007110 0.022246
2 0.027441 0.987060 0.007777 0.025735
2 0.045327 0.983352 0.007110 0.021809
2 0.036551 0.960671 0.007777 0.018320
2 0.042772 0.938861 0.006888 0.018320
2 0.055993 0.948894 0.007999 0.020065
2 0.055548 0.896333 0.007110 0.021373
2 0.060547 0.881066 0.006888 0.017884
2 0.067880 0.857730 0.006444 0.020937
2 0.068658 0.908328 0.006221 0.021809
2 0.064214 0.784014 0.007110 0.024427
2 0.033551 0.684781 0.015998 0.023990
2 0.128872 0.523174 0.010221 0.019192
2 0.124317 0.415653 0.006444 0.020501
2 0.128872 0.433101 0.007110 0.017884
2 0.045216 0.452511 0.012221 0.018320
2 0.065547 0.526227 0.007110 0.024427
2 0.006444 0.493295 0.008888 0.019628