0 0.638347 0.845351 0.052546 0.094331
2 0.867415 0.730159 0.029557 0.039909
2 0.864541 0.591383 0.023810 0.041723
2 0.894919 0.578685 0.022168 0.054422
2 0.779975 0.484807 0.041873 0.031746
2 0.627673 0.490249 0.036125 0.024490
2 0.442120 0.697052 0.026273 0.033560
2 0.461825 0.745125 0.031199 0.022676
2 0.896561 0.873469 0.023810 0.036281
2 0.284071 0.107937 0.041873 0.030839
2 0.539823 0.009070 0.034483 0.018140
2 0.869057 0.048980 0.021347 0.036281
2 0.989127 0.501134 0.021746 0.024490
1 0.807646 0.927075 0.026601 0.026667
1 0.683259 0.163265 0.022168 0.019592