0 0.659091 0.792842 0.058442 0.070339
2 0.693588 0.957207 0.025162 0.031581
2 0.634639 0.962961 0.020292 0.027813
2 0.603947 0.939634 0.024858 0.029607
2 0.584416 0.911821 0.012175 0.034990
2 0.573762 0.910027 0.012175 0.033196
2 0.440341 0.629207 0.025365 0.036785
2 0.469511 0.618441 0.023843 0.022430
2 0.467735 0.643562 0.023336 0.024224
2 0.467989 0.678104 0.026887 0.026916
2 0.464945 0.701431 0.026887 0.021532
2 0.391132 0.944120 0.024351 0.026018
2 0.072646 0.989079 0.021916 0.021842
2 0.050933 0.986566 0.021510 0.026867
2 0.011364 0.985849 0.022727 0.028302
2 0.157265 0.780058 0.027192 0.033016
2 0.026989 0.146285 0.026380 0.035887
2 0.259740 0.059437 0.027597 0.037323
2 0.543425 0.124035 0.024351 0.022968
2 0.589286 0.107168 0.027597 0.026557
2 0.482143 0.186120 0.023539 0.025121
2 0.534700 0.199758 0.016640 0.035170
2 0.520292 0.199399 0.016234 0.034452
2 0.508117 0.213036 0.015422 0.040194